2 2 2  2  2  2  2  2 2  2  2  2  2  2  2  2  2  2  2  2  2  2  2  2  2   2  2  2  2  2  2  2  2  2  2  2  2  2  2  2  2  2  2  2  2  2  2  2  2  2
2 2 2  2  2  2  2  2 2  2  2  2  2  2  2  2  2  2  2  2  2  2  2  2  2   2  2  13 2  2  2  2  2  2  2  2  2  2  2  2  2  2  2  2  13 2  2  2  2  2
2 2 2  2  2  13 2  2 2  2  2  2  13 2  2  2  2  2  2  2  2  2  2  2  2   2  2  2  2  2  2  2  2  2  2  13 2  2  2  13 2  2  2  2  2  2  2  2  2  2
2 2 2  2  2  2  2  2 2  2  2  2  2  2  2  2  2  2  2  2  2  2  2  2  2   2  2  2  2  2  2  2  2  2  2  2  2  2  2  2  2  2  2  2  2  2  2  13 2  2
2 2 13 2  2  2  2  2 2  2  2  2  2  2  2  2  2  2  2  2  2  2  13 2  2   2  2  2  2  2  2  2  2  2  2  2  2  2  2  2  2  2  13 2  2  2  2  2  2  2
2 2 2  2  2  29 6  6 6  6  6  6  6  6  6  6  6  6  6  6  6  6  6  6  6   6  6  6  6  6  6  6  6  6  6  6  6  6  6  6  6  6  6  6  30 2  2  13 2  2
2 2 2  2  2  12 24 0 0  24 0  0  0  0  24 0  0  0  0  24 0  0  24 0  0   24 0  0  0  24 0  0  24 0  4  4  4  4  4  4  4  4  4  4  11 2  2  2  2  2
2 2 2  2  2  12 24 4 4  4  4  4  4  4  4  4  4  4  4  0  24 0  0  24 0   24 24 0  4  4  4  4  4  4  4  4  4  4  1  1  1  1  1  1  11 2  2  2  2  2
2 2 2  2  2  12 4  4 1  1  1  1  1  4  4  24 4  4  24 0  8  9  9  9  9   9  10 0  4  4  4  4  4  4  4  4  4  4  1  3  3  3  3  1  11 2  2  2  2  2
2 2 13 2  2  12 4  4 1  3  3  3  1  4  4  4  4  4  4  0  11 2  13 2  2   2  12 0  4  4  4  4  4  0  24 0  24 0  0  3  3  3  3  1  11 2  2  2  13 2
2 2 2  2  2  12 4  4 1  3  3  3  1  4  4  4  4  4  4  0  11 2  2  2  13  2  12 0  4  4  4  24 0  0  4  4  4  4  1  3  3  3  3  1  11 2  2  13 2  2
2 2 2  2  2  12 4  4 1  3  3  3  1  4  4  4  4  4  4  0  11 2  13 2  2   2  12 0  4  4  4  0  4  4  4  4  4  4  1  1  1  1  1  1  11 2  2  2  2  2
2 2 2  13 2  12 4  4 1  3  3  3  1  4  4  4  4  4  4  0  14 6  6  6  6   6  7  0  4  4  4  0  0  4  4  4  4  4  4  4  4  4  4  4  11 2  2  2  2  2
2 2 2  2  2  12 4  4 1  1  24 1  1  4  4  4  4  4  4  0  24 0  24 0  24  0  0  0  4  4  4  4  0  4  15 16 16 16 16 16 16 17 4  4  11 2  2  2  2  2
2 2 2  2  2  12 4  4 4  4  24 4  4  4  4  4  4  4  4  4  4  0  0  0  0   0  4  4  4  4  4  4  24 4  18 23 23 23 23 23 23 19 4  4  11 2  2  13 2  2
2 2 2  2  2  12 4  4 4  4  24 4  4  4  4  4  4  4  4  4  4  4  0  24 0   4  4  4  4  4  4  4  0  4  18 23 23 23 23 23 23 19 4  4  11 2  2  2  2  2
2 2 13 2  2  12 4  4 4  4  24 4  4  4  4  4  4  4  4  4  4  4  18 23 19  4  4  4  4  0  0  0  0  4  18 23 23 23 23 23 23 19 4  4  11 13 2  2  2  2
2 2 2  2  2  12 4  4 4  4  24 4  4  4  4  4  4  4  4  4  4  4  18 23 19  4  4  4  4  0  4  4  4  4  18 23 23 23 23 23 23 19 4  4  11 2  2  2  2  2
2 2 2  2  2  12 4  4 4  4  24 4  4  4  4  4  4  4  4  4  4  4  18 23 19  4  4  4  4  0  4  4  4  4  20 22 22 26 23 25 22 21 4  4  11 2  2  13 2  2
2 2 2  2  2  12 4  4 4  4  24 4  4  4  4  4  4  4  4  4  4  4  18 23 19  4  4  4  4  24 4  4  4  4  4  4  4  18 23 19 4  4  4  4  11 2  2  2  2  2
2 2 2  2  2  12 4  4 4  4  24 4  4  4  4  4  4  4  4  4  4  4  18 23 19  4  4  4  4  0  4  4  4  4  4  4  4  18 23 19 4  4  4  4  11 2  2  2  2  2
2 2 2  2  2  12 4  4 4  4  24 4  4  4  4  4  4  4  4  4  4  4  18 23 19  4  4  4  4  0  4  4  4  4  4  4  4  18 23 19 4  4  4  4  11 2  2  13 2  2
2 2 13 2  13 12 4  4 0  24 0  4  4  4  4  4  4  4  4  4  4  4  18 23 19  4  4  4  24 24 4  4  4  4  4  4  4  18 23 19 4  4  4  4  11 2  2  2  2  2
2 2 2  13 2  12 4  4 0  4  4  4  4  4  4  4  4  4  4  4  4  4  18 23 19  4  4  4  4  24 4  4  4  4  4  15 16 27 23 19 4  4  4  4  11 2  2  2  13 2
2 2 2  2  2  12 4  4 24 4  4  4  4  4  4  4  4  4  4  4  4  4  18 23 19  4  4  4  4  24 4  4  4  4  4  18 23 23 23 19 4  4  4  4  11 2  2  2  2  2
2 2 2  2  2  12 4  4 0  4  4  4  4  4  4  4  4  4  4  4  4  24 18 23 19  24 4  4  4  24 4  4  4  4  4  18 5  25 22 21 4  4  4  4  11 2  2  2  2  2
2 2 2  2  2  12 4  4 0  4  4  15 16 16 16 16 16 16 16 16 16 16 27 23 28  16 16 16 16 16 16 16 16 16 16 27 23 19 4  4  4  4  4  4  11 2  2  2  2  2
2 2 2  2  2  12 4  4 0  4  4  18 23 23 23 23 23 23 23 23 23 23 23 23 23  23 23 23 23 23 23 23 23 23 23 23 23 19 4  4  4  4  4  4  11 2  2  13 2  2
2 2 2  2  2  12 4  4 0  4  4  18 23 25 22 22 22 22 22 22 22 22 26 23 25  22 22 22 22 22 22 22 22 22 22 26 23 19 4  4  4  4  4  4  11 2  2  2  2  2
2 2 2  2  2  12 4  4 0  4  4  4  0  4  4  4  4  4  4  4  4  24 18 23 19  24 4  4  4  4  4  4  4  4  4  18 23 19 4  4  4  4  4  4  11 2  2  2  2  2
2 2 2  2  2  12 4  4 0  24 0  24 24 4  4  4  4  4  4  4  4  4  18 23 19  4  4  4  4  24 24 24 4  4  4  18 23 19 4  4  4  4  4  4  11 2  2  2  2  2
2 2 2  2  13 12 4  4 0  4  4  4  24 0  0  4  4  24 24 24 4  4  18 23 19  4  4  4  4  24 24 24 4  4  4  18 23 19 4  4  4  4  4  4  11 2  2  2  13 2
2 2 2  2  2  12 4  4 24 4  4  4  4  4  0  4  4  4  4  0  4  4  18 23 19  4  4  4  4  24 24 24 4  4  4  18 23 19 4  4  4  4  4  4  11 2  2  2  13 2
2 2 2  2  2  12 4  4 0  4  4  4  4  4  0  4  4  4  0  0  4  4  18 23 19  4  4  24 24 24 24 24 4  4  4  18 23 19 4  4  4  4  4  4  11 2  2  13  2 2
2 2 13 2  2  12 4  4 24 4  4  4  4  4  0  4  4  0  0  4  4  4  18 23 19  4  4  4  24 24 0  24 4  4  4  18 23 19 4  4  4  4  4  4  11 2  2  2  2  2
2 2 2  2  2  12 4  4 0  0  24 0  0  24 0  4  4  4  0  0  4  4  18 23 19  4  4  4  24 4  24 24 4  4  4  18 23 19 4  4  4  4  4  4  11 2  2  2  2  2
2 2 2  2  2  12 4  4 24 0  24 0  24 0  0  4  4  0  0  0  4  4  18 23 19  4  4  4  24 4  4  4  4  4  4  4  0  4  4  4  4  4  4  4  11 2  2  2  2  2
2 2 2  2  2  12 4  4 0  0  0  0  0  0  24 4  4  0  4  4  4  4  18 23 19  4  4  4  0  24 4  4  4  4  4  0  0  0  4  4  4  4  4  4  11 2  2  2  2  2
2 2 2  2  2  12 4  4 0  0  0  24 0  0  0  4  4  0  4  4  4  4  18 23 19  4  4  4  4  24 4  4  4  4  4  0  24 0  4  4  4  4  4  4  11 2  2  2  2  2
2 2 2  2  2  12 4  4 24 0  0  24 0  0  0  4  4  0  0  4  4  4  18 23 19  4  4  4  0  24 4  4  4  4  4  24 0  0  4  4  4  4  4  4  11 2  2  2  2  2
2 2 2  2  2  12 4  4 0  24 0  0  0  24 0  4  4  4  0  24 4  4  18 23 19  4  4  4  4  0  24 24 24 24 0  0  0  0  4  4  4  4  4  4  11 2  2  13 2  2
2 2 2  2  2  12 4  4 4  4  4  4  0  24 4  4  4  4  4  0  4  4  18 23 19  4  4  4  4  4  4  24 4  4  4  24 0  0  4  4  4  4  4  4  11 2  2  2  2  2
2 2 2  2  2  12 4  4 4  4  4  4  4  24 0  0  24 0  0  0  0  24 18 23 19  24 24 24 24 0  0  0  0  4  4  4  4  4  4  4  4  4  4  4  11 2  2  2  2  2
2 2 2  2  2  31 9  9 9  9  9  9  9  9  9  9  9  9  9  9  9  9  9  9  9   9  9  9  9  9  9  9  9  9  9  9  9  9  9  9  9  9  9  9  32 2  2  2  13 2
1 2 3  4  5  6  7  8 9  10 11 12 13 14 15 16 17 18 19 20 21 22 23 24 25  26 27 28 29 30 31 32 33 34 35 36 37 38 39 40 41 42 43 44 45 46 47 48 49 50



